0, 
1, 
1, 
1, 
2, 
4, 
5, 
7, 
10, 
10, 
10, 
11, 
11, 
11, 
14, 
14, 
15, 
15, 
16, 
17, 
17, 
18, 
19, 
19, 
20, 
25, 
25, 
25, 
26, 
26, 
30, 
30, 
32, 
32, 
32, 
34, 
38, 
38, 
39, 
39, 
39, 
40, 
41, 
43, 
44, 
46, 
46, 
46, 
46, 
47, 
47, 
48, 
48, 
49, 
51, 
53, 
54, 
58, 
58, 
59, 
61, 
62, 
63, 
63, 
64, 
67, 
69, 
69, 
72, 
72, 
74, 
76, 
76, 
77, 
78, 
78, 
78, 
79, 
79, 
81, 
81, 
81, 
83, 
83, 
84, 
84, 
85, 
85, 
86, 
87, 
89, 
89, 
92, 
94, 
95, 
95, 
97, 
98, 
98, 
99, 
