30, 
11, 
77, 
78, 
32, 
10, 
76, 
0, 
41, 
67, 
64, 
79, 
98, 
62, 
72, 
95, 
26, 
43, 
14, 
87, 
38, 
46, 
40, 
92, 
46, 
49, 
1, 
81, 
98, 
58, 
74, 
94, 
44, 
72, 
81, 
14, 
39, 
25, 
18, 
47, 
69, 
83, 
32, 
79, 
61, 
15, 
10, 
54, 
16, 
99, 
11, 
17, 
89, 
26, 
11, 
97, 
46, 
46, 
19, 
4, 
53, 
17, 
10, 
15, 
51, 
48, 
84, 
25, 
76, 
20, 
83, 
7, 
59, 
81, 
89, 
85, 
39, 
5, 
86, 
39, 
34, 
85, 
2, 
63, 
25, 
78, 
1, 
78, 
32, 
47, 
69, 
30, 
48, 
1, 
95, 
19, 
58, 
63, 
38, 
84, 
